-6.004674360156059265e-04
3.452940657734870911e-02
-4.682041762862354517e-04
-7.174790953285992146e-04
-6.005175528116524220e-04
-4.380353784654289484e-04
0.000000000000000000e+00
-5.558407283388078213e-04
-7.682928116992115974e-04
0.000000000000000000e+00
-1.626391150057315826e-02
-6.002511945553123951e-04
-6.005353643558919430e-04
0.000000000000000000e+00
0.000000000000000000e+00
0.000000000000000000e+00
-1.131599955260753632e-02
-3.431198128964751959e-04
-7.832694100216031075e-04
-7.705035968683660030e-04
-3.175594611093401909e-04
0.000000000000000000e+00
-6.363451248034834862e-04
-8.480245014652609825e-04
-8.476934162899851799e-04
